ι 1

λ

ι.

99917. mun Semnonum m Nom 5917997911.

Nomi mouydaea 661, 364.
Nonas 111 Naxium-enm 226, 286,
lezen-tamnu· humum muoz, 664,
m.

ocellus Lucanus 662, 685, 687.
olam-1116 Godtn'dn 63, 216, 294,
297, 376, 497, 499. 620, 799.
olympiodorus 23, 69, 166, 383, 422,
486, 671, 626,

oppinum 16, m, 26, 238, 296,648,
Oiibaoun 380.

Origenes 13, 21, 26,69, 66, 71, 78,
116, 136,136, 186, 279, 380, 390,
463, 660, 676, 680, 681,620, 662.
Oro-1116 341.

Orpheus 38,181, 296, 661, 692, 693.
ovidius-21, 47, 76, 122, 229, 273,
299, 386, 661, 677, 680, 626, 698,
709.

1².
Georgius Pachymeren 226, 661.1

” Palaephatus 61, 318, 386.
- *rauma- Lausiacae historiae scrip·

tor. 671.
Parmenides philosophus 146.
Parthenius Erotieorum scriptor. 700.
S. Paulinus Nolanus 40, 364.
Paulini Chri-eiam· Francken( 16.
Paulus Alexandrznus 340, 341.
Pausanias 179, 272, 276, 276, 367,
361. 551, 592, 702.
Pechliuus Nic-olam 22.
Perizoniun 19996119 722.
Penius 126, 263, 297, 364.
Potitus Petrus 178, 182, 191, 649,
661, 662, 663, 664, 726.
Peticus Samuel 179,180, 294, 663.
Petronius 197, 292, 664.
Phaedrus 234, 263, 324, 360, 494.
Phalaris 714.
Phil-ctrina 16.
Ph‘lemou 712.
ΡΙιὶῐο Iudaeus 161,175,165,306,
374, 432, 479, 494, 661, 599, 593,
939, 662, 993, 955, 991.
Phua Byzantinus 391.

Iohanne· Pluinma-15, 66, 74, 107.
161, 993, 399. 471, 495, 495, 519.

· 663, 620.

Ριιῑιοιιηωι 11, 99, 179, 191, 993,
362, 372, 397, 407, 664, 686.

Philoxeni glossae 496.

Photius 44, 48, 64, 66, 61, 62, 126,
194, 214, 207, 359, 499, 597, 662,

Plnryu'tchun 237, 262, 266, 607.

Phar-utun 160, 181, 620.

Reus Minudulanuo lucam 376.

rigum-16· laurent-fu 662.

Pindum· 23,179, 227.

Pindari scholiastes 179. 259, 270.
’272, 279, 667.

Pinnen- semul 40.

Pius Baptista m

Plato 26, 35, 37, 49, 62, 66, 59, 72,
73, 106, 114, 149, 142, 145, 159. ’
159, 161, 195, 179. 179, 174, 176, ἓ
195, 166, 167, 191, 216, m, nn,

f 2³42 2⁵⁹9 ²⁰⁶, ΞΠ, 9783312891.
299, 291, 297, ³27, 334, aae, 336.
945, 399, 662, 394, 371, 372, 373,
375, 376, 391. 393, 397, 399, 595,
499, 499, 492, 423, 431, 439 447,
459. 499, 474, 549, 599, 571, 572,
‘ 575. 979, 577, 579. 921, 941, 949,

662, 993, 995, 696, 697, 700, 712 =

Plato Comicus 296, 713. - ¹

Plautu- 216, 226, 273, 276, 477.

Plinius 9, 13, 14, 16, 16,111,20,¹
22,29,26,26,,,3436,63,11ο ³
176,166,2⁵9,260,272,273,276, ¹

292, 297, 311, 360, 362, 374. 399,
391, 692, 412, 597, 539, 572, 594, ,
662, 663, 769. ’
Plinius iunior 297.
Plotina, 119, 286, 686.
Plutarchus 9, 14, 16, 18, 19, 20, 21.
22, 26, 39, 49, 59, 91. 62, 69, 71,
75, 90, 92, 129, 166, 136, 149. 142,
143,1“49,157,159, 199, 161‚175‚
177, 179, 179,160,161‚162,163,
¹ 186, 189, 190, 191, 214, 216, 219,
295, 227, 232, 237, 272, 27¹1,·276‚
979279, 261, mmm 291 ,
292, 293, 29⁵, 297, 342, 949, 347, 7
359, 3⁵7,- 359, 662, 371, 372,

 

 

