Χ

Ψ..

tv. mun scamnum m 770710 mmm-02. 077

Gra-ovu- 10. ’rm m, m.

(31²0qu 1000810 19, 89, 1740 214,
281.

Grotiun Hugo 24, 54, 179, 180, 188,
10⁶, m, 2¹14, 275, 2⁴19, m, 29⁸,
205, 000. 000, 000, 420, 400, 401,
m, 010, 000, 002, 0011. 004, 071,
001, 702, 710, 702. .·

Gadiu- Memnon-dnn 58.

6011707100 Balaam·- 288.

Gyraldnn ΙιἪω 188, 556, 591, 592.

Haedua Poeno 572.

Edico-'en observ-aone- 00100100 11,
1³⁶. 181.

Enrdt 10. Gotth’eb 442. ’

Hau-duim„ loanne- 18, 16, 81, 188,
8⁴12.

Harpocran«) 268, 272

1107170110 677110101αο 874.

Ennomon· 801717010υο 571.

Ηο11101110 Daniel 190, 283, 691.

noviocomo Aethiopicomm scriptor
7⁰2.

{innodam- Optleomm 00010701· 29,
14¹*- ¹¹

ab 1101010117 franciscus Mercurius·

Henaton-hunius Tiberim 2⁶6, 558.

Heu-nnius Heus-iem Christianus· 229.

Hephaestio grammaticus 242, 828.

Hephaestio Thebanus 841.

1-1070011000 de politii· (apud Sto-
haeum) 180.

Bet-nefitus grammaticus 18⁵ ‚ 185,
200, 000. 400, 040, 001, 020, 004.

1107016110 Deciderin- 89, 185. , ··

lietbertus Eduardm do 01·oeny
598, 5⁰1,

lietbertus 71401700 185. ·

Hermian 9⁶, 74, 185, 164, 516, ⁶20.

Hermogeni· scholiastae 180, 221,
227, 201, 000, 007, 007, 000, 400.

Herodianus 48, 177, 178,-388, 881.

Herodotus 20, ²2, 89, 58, 75, 110,
100, 177, 170, 100, 100, 100. 200,
270. 407, 421.

Heracletus Emodus 85³.

1107701110 Gon-itonam '22³5 288, 24⁰,

'nammmfflmmms

2⁴88, Μ, 2⁹⁶2 Μ, ³¹¹, ⁸¹⁶, m, .
020, 020, 004, 000, 042, 047, 000,
007, 000, 002, 000, 004, 000, 070,
816, 880, 888, 891. 407, 410, 411,
416, 418, 485, 487, 441, ansam,
489, 475, 476, 478, 489, 493, 495,
400, mo: 000, 004. 012, 520, 502,
000, 040, 544, 001 ,004, 000, 004074,
001, 004, 000, 000, 010, 010, 020,
02¹1, 633, 687, ⁶3⁹2 ο49, 847, 840,
002, 004, 074, · 000, 007, 000, 004,
697, 699, 701, 702, 704, 706, 718,
714, 711, 721, 722, 724, 726. -·

Hesiodu- 107, 100, m, 200, 200,
000, 000, 000, 040, 000, maen,
598, 685, 721.

Hesiodi 00110110οω0 135, 156.

110000Ιὶ170,Μώηο 270.

Hesychius Alexandrinus 45, 58, 181,
102, 227, 220, 200, 247, 207, 200,
286, 889, 852, 862, 391, 409, 418,
400, 402, 000, 020, 002, 071, 002,
696, 727.

Hesychia· illustris 55, 872, 887, 415,
581.

Hieroclen 21², 881, 882, 888, 889,
575, 079.

8. Hieronymus 179, 226, 288, 327,
071, 070, 007, 570.

Hildebertus cenomanens& 888.

, ninom-rus 1100100010 178.

Hippocrate· 20, 20, 121, 102, 047,
348, 874, 880, 431, 478, 506, 591,
617. “

mpponnx 2⁶0, 276.

Body Hnmsredm 261.

Ηοεεοὴοίἰιιο David 888.

Homerus 19, 24, 88, 89, 40, 46, 58.
62, 75, 78, 121, 178, lm, 18¹,
199, 221, 224, 220, 200, 200, 204,
200, 244, 240, 200, 200, 209, 270,
270, 270, 270, 270, 200, 207, 220,
200, 300, 210, 000, 000, 002. 005,
000, an, 074, 000, 000, 000, 424,
450, 468, 471, 472, 549, 553, 554,
000, 507, 050, 007, 071, 501, 090,
020, 020, 000, 001, 000, 701, no,
711, 712, 719, 720, 725, 785.

